cam_to_velo: 1, 0, 0, 0.111, 0, 1, 0, 0, 0, 0, 1, -0.078,0,0,0,1
K: 337.2084410968044, 0.0, 320.5, 0.0, 337.2084410968044, 240.5, 0.0, 0.0, 1.0,
D: 1e-08, 1e-08, 1e-08, 1e-08, 1e-08,
